3354
0.0000099778587016
0.0000019073486328
-1.0000000000000000
-0.9882249411754730
-0.9737170914917610
-0.9578895278153935
-0.9411999082865671
-0.9238774183730963
-0.9060592518216597
-0.8878364819159823
-0.8692738431648287
-0.8504196504241992
-0.8313113123695486
-0.8119786363095406
-0.7924459271731706
-0.7727333832966110
-0.7528580599526700
-0.7328345554696098
-0.7126755127959373
-0.6923919944848957
-0.6719937685573020
-0.6514895301726575
-0.6308870761335458
-0.6101934441166753
-0.5894150251078732
-0.5685576551930179
-0.5476266912421238
-0.5266270738821207
-0.5055633803334478
-0.4844398690872455
-0.4632605179576265
-0.4420290567124840
-0.4207489952357254
-0.3994236479821519
-0.3780561553381717
-0.3566495023861785
-0.3352065354797881
-0.3137299769653656
-0.2922224383280699
-0.2706864319947294
-0.2491243819888224
-0.2275386336027820
-0.2059314622283553
-0.1843050814657292
-0.1626616506157078
-0.1410032816457442
-0.1193320457095546
-0.0976499792909568
-0.0759590900351711
-0.0542613623248217
-0.0325587626530952
-0.0108532448427907
0.0108532448427907
0.0325587626530952
0.0542613623248217
0.0759590900351711
0.0976499792909568
0.1193320457095546
0.1410032816457442
0.1626616506157078
0.1843050814657292
0.2059314622283553
0.2275386336027820
0.2491243819888224
0.2706864319947294
0.2922224383280699
0.3137299769653656
0.3352065354797881
0.3566495023861785
0.3780561553381717
0.3994236479821519
0.4207489952357254
0.4420290567124840
0.4632605179576265
0.4844398690872455
0.5055633803334478
0.5266270738821207
0.5476266912421238
0.5685576551930179
0.5894150251078732
0.6101934441166753
0.6308870761335458
0.6514895301726575
0.6719937685573020
0.6923919944848957
0.7126755127959373
0.7328345554696098
0.7528580599526700
0.7727333832966110
0.7924459271731706
0.8119786363095406
0.8313113123695486
0.8504196504241992
0.8692738431648287
0.8878364819159823
0.9060592518216597
0.9238774183730963
0.9411999082865671
0.9578895278153934
0.9737170914917618
0.9882249411754718
1.0000000000000000
