-1.0000000000000000
-0.9797979797979798
-0.9595959595959596
-0.9393939393939394
-0.9191919191919192
-0.8989898989898990
-0.8787878787878788
-0.8585858585858586
-0.8383838383838383
-0.8181818181818181
-0.7979797979797980
-0.7777777777777778
-0.7575757575757576
-0.7373737373737373
-0.7171717171717171
-0.6969696969696970
-0.6767676767676767
-0.6565656565656566
-0.6363636363636364
-0.6161616161616161
-0.5959595959595960
-0.5757575757575757
-0.5555555555555556
-0.5353535353535354
-0.5151515151515151
-0.4949494949494949
-0.4747474747474747
-0.4545454545454546
-0.4343434343434344
-0.4141414141414141
-0.3939393939393939
-0.3737373737373737
-0.3535353535353535
-0.3333333333333334
-0.3131313131313131
-0.2929292929292929
-0.2727272727272727
-0.2525252525252525
-0.2323232323232324
-0.2121212121212122
-0.1919191919191919
-0.1717171717171717
-0.1515151515151515
-0.1313131313131313
-0.1111111111111112
-0.0909090909090909
-0.0707070707070707
-0.0505050505050505
-0.0303030303030303
-0.0101010101010101
0.0101010101010102
0.0303030303030303
0.0505050505050506
0.0707070707070707
0.0909090909090908
0.1111111111111112
0.1313131313131313
0.1515151515151516
0.1717171717171717
0.1919191919191918
0.2121212121212122
0.2323232323232323
0.2525252525252526
0.2727272727272727
0.2929292929292930
0.3131313131313131
0.3333333333333333
0.3535353535353536
0.3737373737373737
0.3939393939393940
0.4141414141414141
0.4343434343434343
0.4545454545454546
0.4747474747474747
0.4949494949494950
0.5151515151515151
0.5353535353535352
0.5555555555555556
0.5757575757575757
0.5959595959595960
0.6161616161616161
0.6363636363636365
0.6565656565656566
0.6767676767676767
0.6969696969696970
0.7171717171717171
0.7373737373737375
0.7575757575757576
0.7777777777777777
0.7979797979797980
0.8181818181818181
0.8383838383838385
0.8585858585858586
0.8787878787878789
0.8989898989898990
0.9191919191919191
0.9393939393939394
0.9595959595959596
0.9797979797979799
1.0000000000000000
